Target 1
0.40000000000000036,-0.2999999999999998
0.0,0.0
0.0,0.0
Turning Points:
0.40000000000000036,-0.2999999999999998
0.0,0.0
Target 2
-0.3999999999999999,-1.1
0.40000000000000036,-0.2999999999999998
0.40000000000000036,-0.2999999999999998
Turning Points:
-0.3999999999999999,-1.1
0.40000000000000036,-0.2999999999999998
Target 3
0.0,0.20000000000000018
-0.09999999999999987,-0.7999999999999998
-0.3999999999999999,-1.1
-0.3999999999999999,-1.1
Turning Points:
0.0,0.20000000000000018
-0.09999999999999987,-0.7999999999999998
-0.3999999999999999,-1.1
Target 4
-0.7999999999999998,0.20000000000000018
0.0,0.20000000000000018
0.0,0.20000000000000018
Turning Points:
-0.7999999999999998,0.20000000000000018
0.0,0.20000000000000018
Target 5
1.1,1.3000000000000003
0.6000000000000001,1.3000000000000003
-0.5999999999999999,1.1
-0.7,1.0
-0.7999999999999998,0.20000000000000018
-0.7999999999999998,0.20000000000000018
Turning Points:
1.1,1.3000000000000003
0.6000000000000001,1.3000000000000003
-0.5999999999999999,1.1
-0.7,1.0
-0.7999999999999998,0.20000000000000018
